COMISIÓN NACIONAL DEL AGUA
COORDINACIÓN GENERAL DEL SERVICIO METEOROLÓGICO NACIONAL
PROYECTO DE BASES DE DATOS CLIMATOLÓGICOS
    
                         AÑO  ENE    FEB    MAR    ABR    MAY    JUN    JUL    AGO    SEP    OCT    NOV    DIC  ACUMULADO  MEDIA  MESES
00026295
CABORCA, CABORCA        
DIAS CON GRANIZO
                         1977                                                  0      0      0      0      0          0.0       0.0  5
                         1978 0      0      0      0      0             0      0      0      1      0      0          1.0       0.1 11
                         1979 0      0      0      0      0      0      0      0      0      0      0      0          0.0       0.0 12
                         1980 0      0      0      0      0      0      0      0      0      0      0      0          0.0       0.0 12
                         1981 0      0      0      0      0      0      0      0      0      0      0      0          0.0       0.0 12
                         1982 0      0      0      0      0      0      0      0      0      0             0          0.0       0.0 11
                         1983 0      0      0      0      0      0      0      0      0             0      0          0.0       0.0 11
                         1984 0      0      0             0      0      0      0      0      0      0      0          0.0       0.0 11
                         2001 0      0      0      0      0      0      0      0      0      0      0      0          0.0       0.0 12
                         2002 0      0      0      0      0      0      0      0      0      0      0      0          0.0       0.0 12
                         2003 0      0      0      0      0      0      0      0      0      0      0      0          0.0       0.0 12
                         2004 0      0      0      0      0      0      0      0      0      0      0      0          0.0       0.0 12

MINIMA                        0      0      0      0      0      0      0      0      0      0      0      0          0.0       0.0
MAXIMA                        0      0      0      0      0      0      0      0      0      1      0      0          1.0       0.1
MEDIA                         0      0      0      0      0      0      0      0      0      0.0909 0      0          0.1       0.0
DESV. ESTANDAR                0      0      0      0      0      0      0      0      0      0.3015 0      0          0.29      0.0


DIAS CON NIEBLA 
                         1977                                                  0      0      0      0      0          0.0       0.0  5
                         1978 0      0      0      0      0             0      0      0      0      0      0          0.0       0.0 11
                         1979 0      0      0      0      0      0      0      0      0      0      0      0          0.0       0.0 12
                         1980 0      0      0      0      0      0      0      0      0      0      0      0          0.0       0.0 12
                         1981 0      0      0      0      0      0      0      0      0      0      0      0          0.0       0.0 12
                         1982 0      0      0      0      0      0      0      0      0      0             0          0.0       0.0 11
                         1983 0      0      0      0      0      0      0      0      0             0      0          0.0       0.0 11
                         1984 0      0      0             0      0      0      0      0      0      0      0          0.0       0.0 11
                         2001 0      0      0      0      0      0      0      0      0      0      0      0          0.0       0.0 12
                         2002 0      0      0      0      0      0      0      0      0      0      1      3          4.0       0.3 12
                         2003 0      1      0      0      0      0      0      0      0      0      2      1          4.0       0.3 12
                         2004 3      0      1      0      0      0      0      0      0      0      0      0          4.0       0.3 12

MINIMA                        0      0      0      0      0      0      0      0      0      0      0      0          0.0       0.0
MAXIMA                        3      1      1      0      0      0      0      0      0      0      2      3          4.0       0.3
MEDIA                         0.2727 0.0909 0.0909 0      0      0      0      0      0      0      0.2727 0.3333     1.0       0.1
DESV. ESTANDAR                0.9045 0.3015 0.3015 0      0      0      0      0      0      0      0.6466 0.8876     1.81      0.2


DIAS CON TORMEN.
                         1977                                                  0      0      0      0      0          0.0       0.0  5
                         1978 0      0      0      0      0             0      0      0      0      0      0          0.0       0.0 11
                         1979 0      0      0      0      0      0      0      0      0      0      0      0          0.0       0.0 12
                         1980 0      0      0      0      0      0      0      0      0      0      0      0          0.0       0.0 12
                         1981 0      0      0      0      0      0      0      0      0      0      0      0          0.0       0.0 12
                         1982 0      0      0      0      0      0      0      0      0      0             0          0.0       0.0 11
                         1983 1      0      0      0      0      0      0      0      0             0      0          1.0       0.1 11
                         1984 0      0      0             0      0      0      0      0      0      0      0          0.0       0.0 11
                         2001 0      0      0      0      0      4      23     17     4      2      0      0         50.0       4.2 12
                         2002 0      0      0      0      0      0      13     13     11     0      0      1         38.0       3.2 12
                         2003 2      2      1      0      1      1      21     20     6      2      0      1         57.0       4.8 12
                         2004 1      0      4      2      0      0      8      12     2      0      0      0         29.0       2.4 12

MINIMA                        0      0      0      0      0      0      0      0      0      0      0      0          0.0       0.0
MAXIMA                        2      2      4      2      1      4      23     20     11     2      0      1         57.0       4.8
MEDIA                         0.3636 0.1818 0.4545 0.2    0.0909 0.5    5.909  5.1666 1.9166 0.3636 0      0.1666    14.6       1.2
DESV. ESTANDAR                0.6742 0.603  1.2135 0.6324 0.3015 1.2693 9.0493 7.872  3.4761 0.809  0      0.3892    22.33      1.9


EVAPORACION MEN.
                         1977                                                  309.06 257.64 162.79 146.95 90.89    967.3     193.5  5
                         1978 67.5   95.5   104.56 224.63 314.98        369.04 295.16 275.64 210.85 104.25 64.16  2,126.3     193.3 11
                         1979 53.14  82.16  140.14 236.4  292    368.05 335.1  245.1  275.2  219.15 145.2  123.04 2,514.7     209.6 12
                         1980 104.65 122.75 167.8  260.8  297.6  376.2  346.8  305.1  259.74 228.8  163.8  134.29 2,768.3     230.7 12
                         1981 98.65  147.9  166.2  253.53 303.8  353    278.52 271.07        170    123.98 91.85  2,258.5     205.3 11
                         1982 84.5   119.2  176.05 242.8  323.9  344.3  306.3  242.57 223.17 194.35        54.43  2,311.6     210.1 11
                         1983 78.1   92.1   144.62 211.12 362.73 399.07 363.12 230.21 221.89        86.72  69.39  2,259.1     205.4 11
                         1984 93.3   133.17 227.14        355.4  373.57 264.57 210.8  166.9  149.6  117.6  56.6   2,148.7     195.3 11

MINIMA                        53.14  82.16  104.56 211.12 292    344.3  264.57 210.8  166.9  149.6  86.72  54.43    967.3     193.3
MAXIMA                        104.65 147.9  227.14 260.8  362.73 399.07 369.04 309.06 275.64 228.8  163.8  134.29 2,768.3     230.7
MEDIA                         82.834 113.25 160.93 238.21 321.48 369.03 323.35 263.63 240.02 190.79 126.92 85.581 2,169.3     205.4
DESV. ESTANDAR                18.155 23.986 37.778 18.371 27.845 19.203 41.054 36.893 39.083 30.487 26.835 30.176   529.34     12.4


LLUVIA MAX 24 H.
                         1977                                                  8      11.5   35.3   0      8.5       63.3      12.7  5
                         1978 11.5   25.5   8.2    0      0             10.5   16.5   7      20     12     26       137.2      12.5 11
                         1979 27     3.5    7.9    0      7.6    0      17.3   29.8   6.8    1      6.2    0        107.1       8.9 12
                         1980 1.2    23     6.7    0      0      0      7.5    11.2   3.7    0      0      0         53.3       4.4 12
                         1981 14.1   2.2    19.5   7.1    0.3    0      26.7   17.5   2.3    0      22.2   0        111.9       9.3 12
                         1982 0.3    0      5.5    0      0      0      42.1   28.3   16.8   0             23       116.0      10.5 11
                         1983 36.7   16.4   34.5   3      0      0      29     35     45.8          76     31.8     308.2      28.0 11
                         1984 22.4   0      0             0      7.2    24.2   30     33.3   4      7      19.5     147.6      13.4 11
                         2001 16     6      8.4    28     0      4.2    31.6   48     8.2    27     0.5    14       191.9      16.0 12
                         2002 9.5    1      5.9    0      0      0      19.2   88     20.8   0      14.5   22.1     181.0      15.1 12
                         2003 2      6      9      0      2      0      47.5   59.3   24.4   20.3   10.2   0        180.7      15.1 12
                         2004 1      4      10.9   17.8   0      0      119.8  15.2   5.2    0.5    1      24.5     199.9      16.7 12

MINIMA                        0.3    0      0      0      0      0      7.5    8      2.3    0      0      0         53.3       4.4
MAXIMA                        36.7   25.5   34.5   28     7.6    7.2    119.8  88     45.8   35.3   76     31.8     308.2      28.0
MEDIA                         12.881 7.9636 10.59  5.59   0.9    1.14   34.127 32.233 15.483 9.8272 13.6   14.116   149.8      13.5
DESV. ESTANDAR                11.983 9.2557 9.2012 9.7054 2.3008 2.5052 30.889 23.178 13.418 13.198 21.866 11.916    69.19      5.7


LLUVIA TOTAL MEN
                         1977                                                  13.5   21     71.8   0      19       125.3      25.1  5
                         1978 42     50     13     0      0             19     24     7      24.5   27     90.8     297.3      27.0 11
                         1979 73     3.5    13.6   0      9.5    0      47.2   59.7   9.1    1      6.2    0        222.8      18.6 12
                         1980 2.3    24     10.9   0      0      0      9.7    19.6   3.7    0      0      0         70.2       5.9 12
                         1981 25     2.2    35.3   7.4    0.3    0      80     34.5   3.8    0      22.2   0        210.7      17.6 12
                         1982 0.3    0      7.7    0      0      0      90.7   62.3   22.6   0             65.5     249.1      22.6 11
                         1983 49.5   27.3   60.7   3      0      0      43.7   108.1  103.5         141    34.3     571.1      51.9 11
                         1984 23     0      0             0      9.3    59.3   175.6  46     4      9.4    66.3     392.9      35.7 11
                         2001 50.4   8.1    14.5   31.6   0      5.5    50.3   105.3  15.4   61.8   0.5    32.3     375.7      31.3 12
                         2002 16.5   1.5    5.9    0      0      0      37.2   108    45.9   0      14.5   51.8     281.3      23.4 12
                         2003 2      19.3   15     0      2      0      74.9   129.5  53.1   34.2   21.1   0        351.1      29.3 12
                         2004 2      5.7    22.2   25.2   0      0      158.5  26.2   7.7    0.5    1      41       290.0      24.2 12

MINIMA                        0.3    0      0      0      0      0      9.7    13.5   3.7    0      0      0         70.2       5.9
MAXIMA                        73     50     60.7   31.6   9.5    9.3    158.5  175.6  103.5  71.8   141    90.8     571.1      51.9
MEDIA                         26     12.872 18.072 6.72   1.0727 1.48   60.954 72.191 28.233 17.981 22.081 33.416   286.5      26.0
DESV. ESTANDAR                24.671 15.774 16.83  11.765 2.858  3.2461 40.634 52.195 29.537 26.841 40.648 30.859   130.93     11.1


TEMP MAXIMA EXT.
                         1977                                                  45     42.5   39     34     26       186.5      37.3  5
                         1978 23     25     32     38     41            44     42     41     41     33     24       384.0      34.9 11
                         1979 22     25     28     34     38     44     44     42     43     44     30     28       422.0      35.2 12
                         1980 27     31     27     39     38     45     45     45     42     41     35     30       445.0      37.1 12
                         1981 27     34     31     36     39     48     43     45     41     36     33     28       441.0      36.8 12
                         1982 25     32     31     40     39     40     44     45     43     36            25       400.0      36.4 11
                         1983 26     25.5   29     33     43     42     46     42     43            28     25       382.5      34.8 11
                         1984 27     27     31                   41     43     42     41     33     31     23       339.0      33.9 10
                         2001 27     29     34     38     45     44     46.5   46     43.5   37     35     29       454.0      37.8 12
                         2002 30     33     35     37     43.5          44.5   44.5   42     36     34     26       405.5      36.9 11
                         2003 31     31.5   33     37     44.5   44     46     45     42     40     31     29       454.0      37.8 12
                         2004 30     28     40     39     40.5   44     45     42.5   42     38     31     28       448.0      37.3 12

MINIMA                        22     25     27     33     38     40     43     42     41     33     28     23       186.5      33.9
MAXIMA                        31     34     40     40     45     48     46.5   46     43.5   44     35     30       454.0      37.8
MEDIA                         26.818 29.181 31.909 37.1   41.15  43.555 44.636 43.833 42.166 38.272 32.272 26.75    396.8      36.3
DESV. ESTANDAR                2.8219 3.3035 3.6181 2.2335 2.6775 2.3511 1.1851 1.5715 0.8616 3.1013 2.2401 2.2207    75.14      1.3


TEMP MAXIMA PROM
                         1977                                                  38.532 38.466 34.693 26.766 23.483   161.9      32.4  5
                         1978 19.193 19     24.523 28.166 37.709        42.064 40.064 37.266 33.741 24.6   18.58    324.9      29.5 11
                         1979 17.129 18.442 22.096 29.366 32.096 38.9   40.387 37.387 38.933 33.064 22.733 22.387   352.9      29.4 12
                         1980 20.774 23.655 22.677 28.266 31.161 40.9   41.419 39.483 37.333 31.709 26.5   23.516   367.4      30.6 12
                         1981 21.096 24.642 23.354 29     33.29  41.7   39.806 40.096 37.733 30.967 27.7   24.258   373.6      31.1 12
                         1982 20.129 23.285 24.032 31.233 33.419 37.7   39.29  38.854 36.7   32.258        17.354   334.3      30.4 11
                         1983 20.054 20.214 22.387 25.666 34.258 38.633 40.435 36.129 36.55         22.4   20.951   317.7      28.9 11
                         1984 20.193 23.189 27.58                37.633 36.967 36.193 36.666 28.258 24.5   16.79    288.0      28.8 10
                         2001 20.161 22.25  26.451 29.483 39.096 40.366 40.016 39.774 39.966 33.871 28.533 21.145   381.1      31.8 12
                         2002 23.548 27.125 27.887 32.883 36.596        41.2   41.08  38.583 31.233 28.516 21.596   350.3      31.8 11
                         2003 26.766 23.074 26.322 30.333 37.5   40.466 41.548 39.822 37.383 34.416 25.034 23.133   385.8      32.2 12
                         2004 22.85  21.357 30.966 30.966 37.032 41.216 40.883 39.3   37.81  31.1   23.534 20.966   378.0      31.5 12

MINIMA                        17.129 18.442 22.096 25.666 31.161 37.633 36.967 36.129 36.55  28.258 22.4   16.79    161.9      28.8
MAXIMA                        26.766 27.125 30.966 32.883 39.096 41.7   42.064 41.08  39.966 34.693 28.533 24.258   385.8      32.4
MEDIA                         21.081 22.385 25.298 29.536 35.216 39.724 40.365 38.893 37.782 32.301 25.529 21.18    334.7      30.7
DESV. ESTANDAR                2.5379 2.5278 2.7927 1.9873 2.7023 1.5336 1.3965 1.5692 1.0344 1.9073 2.2111 2.4577    61.95      1.3


TEMP MEDIA MENS.
                         1977                                                  31.217 29.666 25.814 17.15  14.693   118.5      23.7  5
                         1978 12.177 12.071 16.648 19.566 26.387        32.016 32.112 29.2   25.129 17.183 11.725   234.2      21.3 11
                         1979 10.645 11.9   14.548 19.516 23.354 29.133 31.758 29.483 30.25  23.354 14.616 13.871   252.4      21.0 12
                         1980 13.612 16.241 15.112 19.283 21.564 29.85  33.338 30.838 28.566 23.354 17.45  15.371   264.6      22.0 12
                         1981 14.241 15.892 15.5   20     23.371 31.4   32.274 32.145 29.316 22.322 18.266 15.58    270.3      22.5 12
                         1982 12.064 14.892 15.887 20.483 23.145 26.683 30.371 31.338 28.3   21.483        11.298   235.9      21.4 11
                         1983 13.108 13.696 15.217 16.541 23.387 27.5   32.032 29.588 29.908        15.366 13.298   229.6      20.9 11
                         1984 12.612 13.379 17.048               28.266 29.991 29.532 29.016 20.935 15.85  10.975   207.6      20.8 10
                         2001 12.153 13.544 17.08  19.908 26.879 30.5   32.475 31.871 30.725 24.637 19.65  12.024   271.4      22.6 12
                         2002 13.79  16.214 16.903 23.283 24.491        32.874 32.467 30.3   22.091 18.733 12.959   244.1      22.2 11
                         2003 16.536 15.251 17.274 19.675 25.733 29.933 33.709 32.362 29.775 25.998 16.342 12.986   275.6      23.0 12
                         2004 13.675 11.825 21.354 21.583 26.225 30.125 31.183 30.827 29.038 22.211 15.808 13.402   267.3      22.3 12

MINIMA                        10.645 11.825 14.548 16.541 21.564 26.683 29.991 29.483 28.3   20.935 14.616 10.975   118.5      20.8
MAXIMA                        16.536 16.241 21.354 23.283 26.879 31.4   33.709 32.467 30.725 25.998 19.65  15.58    275.6      23.7
MEDIA                         13.147 14.082 16.597 19.984 24.454 29.265 32.002 31.148 29.505 23.394 16.947 13.182   239.3      22.0
DESV. ESTANDAR                1.5245 1.7129 1.8339 1.7168 1.7631 1.5168 1.1486 1.1166 0.7295 1.7645 1.529  1.5175    43.32      0.9


TEMP MINIMA EXT.
                         1977                                                  18     17     15     5      3         58.0      11.6  5
                         1978 1      0      4      5      12            20     20     15     11     4      -2        90.0       8.2 11
                         1979 0      2      3      5      8      12     18     17     18     5      0      1         89.0       7.4 12
                         1980 3      4      5      5      8      10     21     18     16     8      3      2        103.0       8.6 12
                         1981 4      3      4      7      10     15     21     19     13     6      4      3        109.0       9.1 12
                         1982 1      0      4      5      9      12     15     21     14     6             0         87.0       7.9 11
                         1983 2      4      5      2      7      13     18     19     20            0      2         92.0       8.4 11
                         1984 0      -1     4             12     12     18     20     16     8      1      1         91.0       8.3 11
                         2001 -1     0      3.5    3.5    8      14     20     19.5   16     11     0      0         94.5       7.9 12
                         2002 -2.5   -1.5   -1.5   6.5    7      15     21     17     16     8      4      0.5       89.5       7.5 12
                         2003 1      2      3      3      6      16     22     20     18     12     -1     -3.5      98.5       8.2 12
                         2004 -3.5   -3.5   4      8      12     15     16     16     13     6      2      -2.5      82.5       6.9 12

MINIMA                        -3.5   -3.5   -1.5   2      6      10     15     16     13     5      -1     -3.5      58.0       6.9
MAXIMA                        4      4      5      8      12     16     22     21     20     15     5      3        109.0      11.6
MEDIA                         0.4545 0.8181 3.4545 5      9      13.4   19.09  18.708 16     8.7272 2      0.375     90.3       8.3
DESV. ESTANDAR                2.2187 2.3903 1.7671 1.8408 2.1908 1.8973 2.2563 1.5144 2.0889 3.1334 2.0976 2.1119    12.49      1.2


TEMP MINIMA PROM
                         1977                                                  23.903 20.866 16.935 7.5333 5.9032    75.1      15.0  5
                         1978 5.1612 5.1428 8.7727 10.966 15.064        21.967 24.161 21.133 16.516 9.7666 4.8709   143.5      13.0 11
                         1979 4.1612 5.3571 7      9.6666 14.612 19.366 23.129 21.58  21.566 13.645 6.5    5.3548   151.9      12.7 12
                         1980 6.4516 8.8275 7.5483 10.3   11.967 18.8   25.258 22.193 19.8   15     8.4    7.2258   161.8      13.5 12
                         1981 7.3871 7.1428 7.6451 11     13.451 21.1   24.741 24.193 20.9   13.677 8.8333 6.9032   167.0      13.9 12
                         1982 4      6.5    7.7419 9.7333 12.871 15.666 21.451 23.822 19.9   10.709        5.2419   137.6      12.5 11
                         1983 6.1612 7.1785 8.0483 7.4166 12.516 16.366 23.629 23.048 23.266        8.3333 5.6451   141.6      12.9 11
                         1984 5.0322 3.5689 6.5161        16.419 18.9   23.016 22.871 21.366 13.612 7.2    5.1612   143.7      13.1 11
                         2001 4.1451 4.8392 7.7096 10.333 14.661 20.633 24.935 23.967 21.483 15.403 10.766 2.9032   161.8      13.5 12
                         2002 4.0322 5.3035 5.9193 13.683 12.387 21.633 24.548 23.854 22.016 12.95  8.95   4.3225   159.6      13.3 12
                         2003 6.3064 7.4285 8.2258 9.0166 13.967 19.4   25.871 24.903 22.166 17.58  7.65   2.8387   165.4      13.8 12
                         2004 4.5    2.2931 11.741 12.2   15.419 19.033 21.483 22.354 20.266 13.322 8.0833 5.8387   156.5      13.0 12

MINIMA                        4      2.2931 5.9193 7.4166 11.967 15.666 21.451 21.58  19.8   10.709 6.5    2.8387    75.1      12.5
MAXIMA                        7.3871 8.8275 11.741 13.683 16.419 21.633 25.871 24.903 23.266 17.58  10.766 7.2258   167.0      15.0
MEDIA                         5.2126 5.7802 7.8972 10.431 13.939 19.09  23.639 23.404 21.227 14.486 8.3651 5.1841   147.1      13.3
DESV. ESTANDAR                1.1837 1.873  1.5015 1.7159 1.4242 1.895  1.5555 0.9858 0.9923 2.0223 1.2006 1.3436    24.77      0.7


